<html>
<head><meta charset="utf-8" /></head>
<body>
    <div>                        <script type="text/javascript">window.PlotlyConfig = {MathJaxConfig: 'local'};</script>
        <script charset="utf-8" src="https://cdn.plot.ly/plotly-2.32.0.min.js"></script>                <div id="ba41cb5d-f83b-45bc-b294-7efb1423e47e" class="plotly-graph-div" style="height:600px; width:800px;"></div>            <script type="text/javascript">                                    window.PLOTLYENV=window.PLOTLYENV || {};                                    if (document.getElementById("ba41cb5d-f83b-45bc-b294-7efb1423e47e")) {                    Plotly.newPlot(                        "ba41cb5d-f83b-45bc-b294-7efb1423e47e",                        [{"colorscale":[[0.0,"rgb(247,251,255)"],[0.125,"rgb(222,235,247)"],[0.25,"rgb(198,219,239)"],[0.375,"rgb(158,202,225)"],[0.5,"rgb(107,174,214)"],[0.625,"rgb(66,146,198)"],[0.75,"rgb(33,113,181)"],[0.875,"rgb(8,81,156)"],[1.0,"rgb(8,48,107)"]],"showscale":false,"sizemode":"absolute","sizeref":0.4,"u":[-0.0003694273299714723,-0.0038914016260349626,-0.023554654035521594,-0.08192963922161312,-0.16375666832337288,-0.18808345076637067,-0.12413544725356473,-0.04707980780843002,-0.010260468421108726,-0.0012849710217182064,-0.001810833316397975,-0.019074603150265546,-0.11545857283520888,-0.4015970348434692,-0.8026911025035943,-0.9219344409242822,-0.6084785434140372,-0.2307725433249388,-0.050294053936625005,-0.006298582016093235,-0.007428411316254824,-0.07824795170876087,-0.473634851556227,-1.6474337705091742,-3.2928042660152457,-3.7819650057081162,-2.4961043386219792,-0.9466765145016041,-0.20631657039822926,-0.02583808100991547,-0.015546204618559045,-0.16375758105716187,-0.9912246378524898,-3.4477550315256664,-6.891192034065462,-7.914909303731299,-5.223855700151841,-1.9812078485506,-0.4317800244302248,-0.0540740243411264,-0.012901700053582488,-0.1359014141482362,-0.8226112596014588,-2.8612707967239643,-5.718958087623502,-6.56853478347729,-4.335245869985826,-1.6441922664063746,-0.3583315993202305,-0.04487570180998546,0.004908000767926524,0.05169894217287663,0.3129336968819345,1.088470450347291,2.1755776811758274,2.4987694356226022,1.6491927397688215,0.625475470102991,0.13631473041010622,0.017071391989425422,0.016508846684097023,0.17389767247781407,1.0526026112039588,3.661244697103239,7.317903987011974,8.40501121784051,5.547323926940969,2.1038869244011735,0.45851642889510913,0.057422361234976904,0.011777327017760797,0.12405771254583442,0.7509213338228875,2.6119132920030594,5.220555377902336,5.996092131367693,3.9574325942451907,1.500902200572014,0.3271032816190669,0.04096481961080656,0.00396711970240915,0.041788072534110654,0.2529432029758567,0.8798068242529098,1.7585117629790545,2.0197465176881195,1.3330366722348899,0.5055696154395619,0.1101827155920958,0.013798745907152465,0.0007105687975865749,0.007484851146806193,0.0453058039785077,0.15758618950658132,0.31497501530029837,0.36176595670524847,0.23876624261059476,0.09055486617199193,0.01973532577948589,0.00247155594561832],"v":[-0.0003694273299714723,-0.001810833316397975,-0.007428411316254824,-0.015546204618559045,-0.012901700053582488,0.004908000767926524,0.016508846684097023,0.011777327017760797,0.00396711970240915,0.0007105687975865749,-0.0038914016260349626,-0.019074603150265546,-0.07824795170876087,-0.16375758105716187,-0.1359014141482362,0.05169894217287663,0.17389767247781407,0.12405771254583442,0.041788072534110654,0.007484851146806193,-0.023554654035521594,-0.11545857283520888,-0.473634851556227,-0.9912246378524898,-0.8226112596014588,0.3129336968819345,1.0526026112039588,0.7509213338228875,0.2529432029758567,0.0453058039785077,-0.08192963922161312,-0.4015970348434692,-1.6474337705091742,-3.4477550315256664,-2.8612707967239643,1.088470450347291,3.661244697103239,2.6119132920030594,0.8798068242529098,0.15758618950658132,-0.16375666832337288,-0.8026911025035943,-3.2928042660152457,-6.891192034065462,-5.718958087623502,2.1755776811758274,7.317903987011974,5.220555377902336,1.7585117629790545,0.31497501530029837,-0.18808345076637067,-0.9219344409242822,-3.7819650057081162,-7.914909303731299,-6.56853478347729,2.4987694356226022,8.40501121784051,5.996092131367693,2.0197465176881195,0.36176595670524847,-0.12413544725356473,-0.6084785434140372,-2.4961043386219792,-5.223855700151841,-4.335245869985826,1.6491927397688215,5.547323926940969,3.9574325942451907,1.3330366722348899,0.23876624261059476,-0.04707980780843002,-0.2307725433249388,-0.9466765145016041,-1.9812078485506,-1.6441922664063746,0.625475470102991,2.1038869244011735,1.500902200572014,0.5055696154395619,0.09055486617199193,-0.010260468421108726,-0.050294053936625005,-0.20631657039822926,-0.4317800244302248,-0.3583315993202305,0.13631473041010622,0.45851642889510913,0.3271032816190669,0.1101827155920958,0.01973532577948589,-0.0012849710217182064,-0.006298582016093235,-0.02583808100991547,-0.0540740243411264,-0.04487570180998546,0.017071391989425422,0.057422361234976904,0.04096481961080656,0.013798745907152465,0.00247155594561832],"w":[0.0,0.0,0.0,0.0,0.0,0.0,0.0,0.0,0.0,0.0,0.0,0.0,0.0,0.0,0.0,0.0,0.0,0.0,0.0,0.0,0.0,0.0,0.0,0.0,0.0,0.0,0.0,0.0,0.0,0.0,0.0,0.0,0.0,0.0,0.0,0.0,0.0,0.0,0.0,0.0,0.0,0.0,0.0,0.0,0.0,0.0,0.0,0.0,0.0,0.0,0.0,0.0,0.0,0.0,0.0,0.0,0.0,0.0,0.0,0.0,0.0,0.0,0.0,0.0,0.0,0.0,0.0,0.0,0.0,0.0,0.0,0.0,0.0,0.0,0.0,0.0,0.0,0.0,0.0,0.0,0.0,0.0,0.0,0.0,0.0,0.0,0.0,0.0,0.0,0.0,0.0,0.0,0.0,0.0,0.0,0.0,0.0,0.0,0.0,0.0],"x":[-5.0,-5.0,-5.0,-5.0,-5.0,-5.0,-5.0,-5.0,-5.0,-5.0,-3.947368421052632,-3.947368421052632,-3.947368421052632,-3.947368421052632,-3.947368421052632,-3.947368421052632,-3.947368421052632,-3.947368421052632,-3.947368421052632,-3.947368421052632,-2.8947368421052633,-2.8947368421052633,-2.8947368421052633,-2.8947368421052633,-2.8947368421052633,-2.8947368421052633,-2.8947368421052633,-2.8947368421052633,-2.8947368421052633,-2.8947368421052633,-1.8421052631578947,-1.8421052631578947,-1.8421052631578947,-1.8421052631578947,-1.8421052631578947,-1.8421052631578947,-1.8421052631578947,-1.8421052631578947,-1.8421052631578947,-1.8421052631578947,-0.7894736842105265,-0.7894736842105265,-0.7894736842105265,-0.7894736842105265,-0.7894736842105265,-0.7894736842105265,-0.7894736842105265,-0.7894736842105265,-0.7894736842105265,-0.7894736842105265,0.2631578947368416,0.2631578947368416,0.2631578947368416,0.2631578947368416,0.2631578947368416,0.2631578947368416,0.2631578947368416,0.2631578947368416,0.2631578947368416,0.2631578947368416,1.3157894736842106,1.3157894736842106,1.3157894736842106,1.3157894736842106,1.3157894736842106,1.3157894736842106,1.3157894736842106,1.3157894736842106,1.3157894736842106,1.3157894736842106,2.3684210526315788,2.3684210526315788,2.3684210526315788,2.3684210526315788,2.3684210526315788,2.3684210526315788,2.3684210526315788,2.3684210526315788,2.3684210526315788,2.3684210526315788,3.421052631578947,3.421052631578947,3.421052631578947,3.421052631578947,3.421052631578947,3.421052631578947,3.421052631578947,3.421052631578947,3.421052631578947,3.421052631578947,4.473684210526315,4.473684210526315,4.473684210526315,4.473684210526315,4.473684210526315,4.473684210526315,4.473684210526315,4.473684210526315,4.473684210526315,4.473684210526315],"y":[-5.0,-3.947368421052632,-2.8947368421052633,-1.8421052631578947,-0.7894736842105265,0.2631578947368416,1.3157894736842106,2.3684210526315788,3.421052631578947,4.473684210526315,-5.0,-3.947368421052632,-2.8947368421052633,-1.8421052631578947,-0.7894736842105265,0.2631578947368416,1.3157894736842106,2.3684210526315788,3.421052631578947,4.473684210526315,-5.0,-3.947368421052632,-2.8947368421052633,-1.8421052631578947,-0.7894736842105265,0.2631578947368416,1.3157894736842106,2.3684210526315788,3.421052631578947,4.473684210526315,-5.0,-3.947368421052632,-2.8947368421052633,-1.8421052631578947,-0.7894736842105265,0.2631578947368416,1.3157894736842106,2.3684210526315788,3.421052631578947,4.473684210526315,-5.0,-3.947368421052632,-2.8947368421052633,-1.8421052631578947,-0.7894736842105265,0.2631578947368416,1.3157894736842106,2.3684210526315788,3.421052631578947,4.473684210526315,-5.0,-3.947368421052632,-2.8947368421052633,-1.8421052631578947,-0.7894736842105265,0.2631578947368416,1.3157894736842106,2.3684210526315788,3.421052631578947,4.473684210526315,-5.0,-3.947368421052632,-2.8947368421052633,-1.8421052631578947,-0.7894736842105265,0.2631578947368416,1.3157894736842106,2.3684210526315788,3.421052631578947,4.473684210526315,-5.0,-3.947368421052632,-2.8947368421052633,-1.8421052631578947,-0.7894736842105265,0.2631578947368416,1.3157894736842106,2.3684210526315788,3.421052631578947,4.473684210526315,-5.0,-3.947368421052632,-2.8947368421052633,-1.8421052631578947,-0.7894736842105265,0.2631578947368416,1.3157894736842106,2.3684210526315788,3.421052631578947,4.473684210526315,-5.0,-3.947368421052632,-2.8947368421052633,-1.8421052631578947,-0.7894736842105265,0.2631578947368416,1.3157894736842106,2.3684210526315788,3.421052631578947,4.473684210526315],"z":[-64.99985093387312,-64.99842979627795,-64.99049555687313,-64.9669409028376,-64.93392320946941,-64.92410720793356,-64.94991060804072,-64.98100301727784,-64.99585983991035,-64.99948150654315,-64.99842979627795,-64.98346009398433,-64.89988394891611,-64.65176852382444,-64.30397317886882,-64.20057529452306,-64.47237812281953,-64.79989328493386,-64.95638918835138,-64.99453839465191,-64.99049555687313,-64.89988394891611,-64.3939975429644,-62.892154875318624,-60.78694965291071,-60.16108225914684,-61.806304778349755,-63.788754054054735,-64.73602375716719,-64.9669409028376,-64.9669409028376,-64.65176852382444,-62.892154875318624,-57.668328291312505,-50.345838897106034,-48.16889799641144,-53.891439589859374,-60.78694965291071,-64.08181719392906,-64.885011263616,-64.93392320946941,-64.30397317886882,-60.78694965291071,-50.345838897106034,-35.7100309230821,-31.358875560730425,-42.796791735977436,-56.57917580410836,-63.16478433613884,-64.77016654114604,-64.92410720793356,-64.20057529452306,-60.16108225914684,-48.16889799641144,-31.358875560730425,-26.361336689485213,-39.49840625643979,-55.32822486390238,-62.892154875318624,-64.73602375716719,-64.94991060804072,-64.47237812281953,-61.806304778349755,-53.891439589859374,-42.796791735977436,-39.49840625643979,-48.168897996411445,-58.61660939671513,-63.608818073959085,-64.82577516078716,-64.98100301727784,-64.79989328493386,-63.788754054054735,-60.78694965291071,-56.57917580410836,-55.32822486390238,-58.61660939671513,-62.57902509381633,-64.47237812281953,-64.93392320946941,-64.99585983991035,-64.95638918835138,-64.73602375716719,-64.08181719392906,-63.16478433613884,-62.892154875318624,-63.608818073959085,-64.47237812281953,-64.885011263616,-64.98559937148924,-64.99948150654315,-64.99453839465191,-64.9669409028376,-64.885011263616,-64.77016654114604,-64.73602375716719,-64.82577516078716,-64.93392320946941,-64.98559937148924,-64.99819653552143],"type":"cone"},{"colorbar":{"tickvals":[-70,-60,-50,-40,-30],"title":{"text":"Membrane\u003cbr\u003ePotential (mV)"}},"colorscale":[[0.0,"rgb(5,48,97)"],[0.1,"rgb(33,102,172)"],[0.2,"rgb(67,147,195)"],[0.3,"rgb(146,197,222)"],[0.4,"rgb(209,229,240)"],[0.5,"rgb(247,247,247)"],[0.6,"rgb(253,219,199)"],[0.7,"rgb(244,165,130)"],[0.8,"rgb(214,96,77)"],[0.9,"rgb(178,24,43)"],[1.0,"rgb(103,0,31)"]],"opacity":0.8,"x":[[-5.0,-5.0,-5.0,-5.0,-5.0,-5.0,-5.0,-5.0,-5.0,-5.0,-5.0,-5.0,-5.0,-5.0,-5.0,-5.0,-5.0,-5.0,-5.0,-5.0],[-4.473684210526316,-4.473684210526316,-4.473684210526316,-4.473684210526316,-4.473684210526316,-4.473684210526316,-4.473684210526316,-4.473684210526316,-4.473684210526316,-4.473684210526316,-4.473684210526316,-4.473684210526316,-4.473684210526316,-4.473684210526316,-4.473684210526316,-4.473684210526316,-4.473684210526316,-4.473684210526316,-4.473684210526316,-4.473684210526316],[-3.947368421052632,-3.947368421052632,-3.947368421052632,-3.947368421052632,-3.947368421052632,-3.947368421052632,-3.947368421052632,-3.947368421052632,-3.947368421052632,-3.947368421052632,-3.947368421052632,-3.947368421052632,-3.947368421052632,-3.947368421052632,-3.947368421052632,-3.947368421052632,-3.947368421052632,-3.947368421052632,-3.947368421052632,-3.947368421052632],[-3.4210526315789473,-3.4210526315789473,-3.4210526315789473,-3.4210526315789473,-3.4210526315789473,-3.4210526315789473,-3.4210526315789473,-3.4210526315789473,-3.4210526315789473,-3.4210526315789473,-3.4210526315789473,-3.4210526315789473,-3.4210526315789473,-3.4210526315789473,-3.4210526315789473,-3.4210526315789473,-3.4210526315789473,-3.4210526315789473,-3.4210526315789473,-3.4210526315789473],[-2.8947368421052633,-2.8947368421052633,-2.8947368421052633,-2.8947368421052633,-2.8947368421052633,-2.8947368421052633,-2.8947368421052633,-2.8947368421052633,-2.8947368421052633,-2.8947368421052633,-2.8947368421052633,-2.8947368421052633,-2.8947368421052633,-2.8947368421052633,-2.8947368421052633,-2.8947368421052633,-2.8947368421052633,-2.8947368421052633,-2.8947368421052633,-2.8947368421052633],[-2.368421052631579,-2.368421052631579,-2.368421052631579,-2.368421052631579,-2.368421052631579,-2.368421052631579,-2.368421052631579,-2.368421052631579,-2.368421052631579,-2.368421052631579,-2.368421052631579,-2.368421052631579,-2.368421052631579,-2.368421052631579,-2.368421052631579,-2.368421052631579,-2.368421052631579,-2.368421052631579,-2.368421052631579,-2.368421052631579],[-1.8421052631578947,-1.8421052631578947,-1.8421052631578947,-1.8421052631578947,-1.8421052631578947,-1.8421052631578947,-1.8421052631578947,-1.8421052631578947,-1.8421052631578947,-1.8421052631578947,-1.8421052631578947,-1.8421052631578947,-1.8421052631578947,-1.8421052631578947,-1.8421052631578947,-1.8421052631578947,-1.8421052631578947,-1.8421052631578947,-1.8421052631578947,-1.8421052631578947],[-1.3157894736842106,-1.3157894736842106,-1.3157894736842106,-1.3157894736842106,-1.3157894736842106,-1.3157894736842106,-1.3157894736842106,-1.3157894736842106,-1.3157894736842106,-1.3157894736842106,-1.3157894736842106,-1.3157894736842106,-1.3157894736842106,-1.3157894736842106,-1.3157894736842106,-1.3157894736842106,-1.3157894736842106,-1.3157894736842106,-1.3157894736842106,-1.3157894736842106],[-0.7894736842105265,-0.7894736842105265,-0.7894736842105265,-0.7894736842105265,-0.7894736842105265,-0.7894736842105265,-0.7894736842105265,-0.7894736842105265,-0.7894736842105265,-0.7894736842105265,-0.7894736842105265,-0.7894736842105265,-0.7894736842105265,-0.7894736842105265,-0.7894736842105265,-0.7894736842105265,-0.7894736842105265,-0.7894736842105265,-0.7894736842105265,-0.7894736842105265],[-0.2631578947368425,-0.2631578947368425,-0.2631578947368425,-0.2631578947368425,-0.2631578947368425,-0.2631578947368425,-0.2631578947368425,-0.2631578947368425,-0.2631578947368425,-0.2631578947368425,-0.2631578947368425,-0.2631578947368425,-0.2631578947368425,-0.2631578947368425,-0.2631578947368425,-0.2631578947368425,-0.2631578947368425,-0.2631578947368425,-0.2631578947368425,-0.2631578947368425],[0.2631578947368416,0.2631578947368416,0.2631578947368416,0.2631578947368416,0.2631578947368416,0.2631578947368416,0.2631578947368416,0.2631578947368416,0.2631578947368416,0.2631578947368416,0.2631578947368416,0.2631578947368416,0.2631578947368416,0.2631578947368416,0.2631578947368416,0.2631578947368416,0.2631578947368416,0.2631578947368416,0.2631578947368416,0.2631578947368416],[0.7894736842105257,0.7894736842105257,0.7894736842105257,0.7894736842105257,0.7894736842105257,0.7894736842105257,0.7894736842105257,0.7894736842105257,0.7894736842105257,0.7894736842105257,0.7894736842105257,0.7894736842105257,0.7894736842105257,0.7894736842105257,0.7894736842105257,0.7894736842105257,0.7894736842105257,0.7894736842105257,0.7894736842105257,0.7894736842105257],[1.3157894736842106,1.3157894736842106,1.3157894736842106,1.3157894736842106,1.3157894736842106,1.3157894736842106,1.3157894736842106,1.3157894736842106,1.3157894736842106,1.3157894736842106,1.3157894736842106,1.3157894736842106,1.3157894736842106,1.3157894736842106,1.3157894736842106,1.3157894736842106,1.3157894736842106,1.3157894736842106,1.3157894736842106,1.3157894736842106],[1.8421052631578947,1.8421052631578947,1.8421052631578947,1.8421052631578947,1.8421052631578947,1.8421052631578947,1.8421052631578947,1.8421052631578947,1.8421052631578947,1.8421052631578947,1.8421052631578947,1.8421052631578947,1.8421052631578947,1.8421052631578947,1.8421052631578947,1.8421052631578947,1.8421052631578947,1.8421052631578947,1.8421052631578947,1.8421052631578947],[2.3684210526315788,2.3684210526315788,2.3684210526315788,2.3684210526315788,2.3684210526315788,2.3684210526315788,2.3684210526315788,2.3684210526315788,2.3684210526315788,2.3684210526315788,2.3684210526315788,2.3684210526315788,2.3684210526315788,2.3684210526315788,2.3684210526315788,2.3684210526315788,2.3684210526315788,2.3684210526315788,2.3684210526315788,2.3684210526315788],[2.894736842105263,2.894736842105263,2.894736842105263,2.894736842105263,2.894736842105263,2.894736842105263,2.894736842105263,2.894736842105263,2.894736842105263,2.894736842105263,2.894736842105263,2.894736842105263,2.894736842105263,2.894736842105263,2.894736842105263,2.894736842105263,2.894736842105263,2.894736842105263,2.894736842105263,2.894736842105263],[3.421052631578947,3.421052631578947,3.421052631578947,3.421052631578947,3.421052631578947,3.421052631578947,3.421052631578947,3.421052631578947,3.421052631578947,3.421052631578947,3.421052631578947,3.421052631578947,3.421052631578947,3.421052631578947,3.421052631578947,3.421052631578947,3.421052631578947,3.421052631578947,3.421052631578947,3.421052631578947],[3.947368421052632,3.947368421052632,3.947368421052632,3.947368421052632,3.947368421052632,3.947368421052632,3.947368421052632,3.947368421052632,3.947368421052632,3.947368421052632,3.947368421052632,3.947368421052632,3.947368421052632,3.947368421052632,3.947368421052632,3.947368421052632,3.947368421052632,3.947368421052632,3.947368421052632,3.947368421052632],[4.473684210526315,4.473684210526315,4.473684210526315,4.473684210526315,4.473684210526315,4.473684210526315,4.473684210526315,4.473684210526315,4.473684210526315,4.473684210526315,4.473684210526315,4.473684210526315,4.473684210526315,4.473684210526315,4.473684210526315,4.473684210526315,4.473684210526315,4.473684210526315,4.473684210526315,4.473684210526315],[5.0,5.0,5.0,5.0,5.0,5.0,5.0,5.0,5.0,5.0,5.0,5.0,5.0,5.0,5.0,5.0,5.0,5.0,5.0,5.0]],"y":[[-5.0,-4.473684210526316,-3.947368421052632,-3.4210526315789473,-2.8947368421052633,-2.368421052631579,-1.8421052631578947,-1.3157894736842106,-0.7894736842105265,-0.2631578947368425,0.2631578947368416,0.7894736842105257,1.3157894736842106,1.8421052631578947,2.3684210526315788,2.894736842105263,3.421052631578947,3.947368421052632,4.473684210526315,5.0],[-5.0,-4.473684210526316,-3.947368421052632,-3.4210526315789473,-2.8947368421052633,-2.368421052631579,-1.8421052631578947,-1.3157894736842106,-0.7894736842105265,-0.2631578947368425,0.2631578947368416,0.7894736842105257,1.3157894736842106,1.8421052631578947,2.3684210526315788,2.894736842105263,3.421052631578947,3.947368421052632,4.473684210526315,5.0],[-5.0,-4.473684210526316,-3.947368421052632,-3.4210526315789473,-2.8947368421052633,-2.368421052631579,-1.8421052631578947,-1.3157894736842106,-0.7894736842105265,-0.2631578947368425,0.2631578947368416,0.7894736842105257,1.3157894736842106,1.8421052631578947,2.3684210526315788,2.894736842105263,3.421052631578947,3.947368421052632,4.473684210526315,5.0],[-5.0,-4.473684210526316,-3.947368421052632,-3.4210526315789473,-2.8947368421052633,-2.368421052631579,-1.8421052631578947,-1.3157894736842106,-0.7894736842105265,-0.2631578947368425,0.2631578947368416,0.7894736842105257,1.3157894736842106,1.8421052631578947,2.3684210526315788,2.894736842105263,3.421052631578947,3.947368421052632,4.473684210526315,5.0],[-5.0,-4.473684210526316,-3.947368421052632,-3.4210526315789473,-2.8947368421052633,-2.368421052631579,-1.8421052631578947,-1.3157894736842106,-0.7894736842105265,-0.2631578947368425,0.2631578947368416,0.7894736842105257,1.3157894736842106,1.8421052631578947,2.3684210526315788,2.894736842105263,3.421052631578947,3.947368421052632,4.473684210526315,5.0],[-5.0,-4.473684210526316,-3.947368421052632,-3.4210526315789473,-2.8947368421052633,-2.368421052631579,-1.8421052631578947,-1.3157894736842106,-0.7894736842105265,-0.2631578947368425,0.2631578947368416,0.7894736842105257,1.3157894736842106,1.8421052631578947,2.3684210526315788,2.894736842105263,3.421052631578947,3.947368421052632,4.473684210526315,5.0],[-5.0,-4.473684210526316,-3.947368421052632,-3.4210526315789473,-2.8947368421052633,-2.368421052631579,-1.8421052631578947,-1.3157894736842106,-0.7894736842105265,-0.2631578947368425,0.2631578947368416,0.7894736842105257,1.3157894736842106,1.8421052631578947,2.3684210526315788,2.894736842105263,3.421052631578947,3.947368421052632,4.473684210526315,5.0],[-5.0,-4.473684210526316,-3.947368421052632,-3.4210526315789473,-2.8947368421052633,-2.368421052631579,-1.8421052631578947,-1.3157894736842106,-0.7894736842105265,-0.2631578947368425,0.2631578947368416,0.7894736842105257,1.3157894736842106,1.8421052631578947,2.3684210526315788,2.894736842105263,3.421052631578947,3.947368421052632,4.473684210526315,5.0],[-5.0,-4.473684210526316,-3.947368421052632,-3.4210526315789473,-2.8947368421052633,-2.368421052631579,-1.8421052631578947,-1.3157894736842106,-0.7894736842105265,-0.2631578947368425,0.2631578947368416,0.7894736842105257,1.3157894736842106,1.8421052631578947,2.3684210526315788,2.894736842105263,3.421052631578947,3.947368421052632,4.473684210526315,5.0],[-5.0,-4.473684210526316,-3.947368421052632,-3.4210526315789473,-2.8947368421052633,-2.368421052631579,-1.8421052631578947,-1.3157894736842106,-0.7894736842105265,-0.2631578947368425,0.2631578947368416,0.7894736842105257,1.3157894736842106,1.8421052631578947,2.3684210526315788,2.894736842105263,3.421052631578947,3.947368421052632,4.473684210526315,5.0],[-5.0,-4.473684210526316,-3.947368421052632,-3.4210526315789473,-2.8947368421052633,-2.368421052631579,-1.8421052631578947,-1.3157894736842106,-0.7894736842105265,-0.2631578947368425,0.2631578947368416,0.7894736842105257,1.3157894736842106,1.8421052631578947,2.3684210526315788,2.894736842105263,3.421052631578947,3.947368421052632,4.473684210526315,5.0],[-5.0,-4.473684210526316,-3.947368421052632,-3.4210526315789473,-2.8947368421052633,-2.368421052631579,-1.8421052631578947,-1.3157894736842106,-0.7894736842105265,-0.2631578947368425,0.2631578947368416,0.7894736842105257,1.3157894736842106,1.8421052631578947,2.3684210526315788,2.894736842105263,3.421052631578947,3.947368421052632,4.473684210526315,5.0],[-5.0,-4.473684210526316,-3.947368421052632,-3.4210526315789473,-2.8947368421052633,-2.368421052631579,-1.8421052631578947,-1.3157894736842106,-0.7894736842105265,-0.2631578947368425,0.2631578947368416,0.7894736842105257,1.3157894736842106,1.8421052631578947,2.3684210526315788,2.894736842105263,3.421052631578947,3.947368421052632,4.473684210526315,5.0],[-5.0,-4.473684210526316,-3.947368421052632,-3.4210526315789473,-2.8947368421052633,-2.368421052631579,-1.8421052631578947,-1.3157894736842106,-0.7894736842105265,-0.2631578947368425,0.2631578947368416,0.7894736842105257,1.3157894736842106,1.8421052631578947,2.3684210526315788,2.894736842105263,3.421052631578947,3.947368421052632,4.473684210526315,5.0],[-5.0,-4.473684210526316,-3.947368421052632,-3.4210526315789473,-2.8947368421052633,-2.368421052631579,-1.8421052631578947,-1.3157894736842106,-0.7894736842105265,-0.2631578947368425,0.2631578947368416,0.7894736842105257,1.3157894736842106,1.8421052631578947,2.3684210526315788,2.894736842105263,3.421052631578947,3.947368421052632,4.473684210526315,5.0],[-5.0,-4.473684210526316,-3.947368421052632,-3.4210526315789473,-2.8947368421052633,-2.368421052631579,-1.8421052631578947,-1.3157894736842106,-0.7894736842105265,-0.2631578947368425,0.2631578947368416,0.7894736842105257,1.3157894736842106,1.8421052631578947,2.3684210526315788,2.894736842105263,3.421052631578947,3.947368421052632,4.473684210526315,5.0],[-5.0,-4.473684210526316,-3.947368421052632,-3.4210526315789473,-2.8947368421052633,-2.368421052631579,-1.8421052631578947,-1.3157894736842106,-0.7894736842105265,-0.2631578947368425,0.2631578947368416,0.7894736842105257,1.3157894736842106,1.8421052631578947,2.3684210526315788,2.894736842105263,3.421052631578947,3.947368421052632,4.473684210526315,5.0],[-5.0,-4.473684210526316,-3.947368421052632,-3.4210526315789473,-2.8947368421052633,-2.368421052631579,-1.8421052631578947,-1.3157894736842106,-0.7894736842105265,-0.2631578947368425,0.2631578947368416,0.7894736842105257,1.3157894736842106,1.8421052631578947,2.3684210526315788,2.894736842105263,3.421052631578947,3.947368421052632,4.473684210526315,5.0],[-5.0,-4.473684210526316,-3.947368421052632,-3.4210526315789473,-2.8947368421052633,-2.368421052631579,-1.8421052631578947,-1.3157894736842106,-0.7894736842105265,-0.2631578947368425,0.2631578947368416,0.7894736842105257,1.3157894736842106,1.8421052631578947,2.3684210526315788,2.894736842105263,3.421052631578947,3.947368421052632,4.473684210526315,5.0],[-5.0,-4.473684210526316,-3.947368421052632,-3.4210526315789473,-2.8947368421052633,-2.368421052631579,-1.8421052631578947,-1.3157894736842106,-0.7894736842105265,-0.2631578947368425,0.2631578947368416,0.7894736842105257,1.3157894736842106,1.8421052631578947,2.3684210526315788,2.894736842105263,3.421052631578947,3.947368421052632,4.473684210526315,5.0]],"z":[[-69.99985093387312,-69.99948150654315,-69.99842979627795,-69.99585983991035,-69.99049555687313,-69.98100301727784,-69.9669409028376,-69.94991060804072,-69.93392320946941,-69.92410720793356,-69.92410720793356,-69.93392320946941,-69.94991060804072,-69.9669409028376,-69.98100301727784,-69.99049555687313,-69.99585983991035,-69.99842979627795,-69.99948150654315,-69.99985093387312],[-69.99948150654315,-69.99819653552143,-69.99453839465191,-69.98559937148924,-69.9669409028376,-69.93392320946941,-69.885011263616,-69.82577516078716,-69.77016654114604,-69.73602375716719,-69.73602375716719,-69.77016654114604,-69.82577516078716,-69.885011263616,-69.93392320946941,-69.9669409028376,-69.98559937148924,-69.99453839465191,-69.99819653552143,-69.99948150654315],[-69.99842979627795,-69.99453839465191,-69.98346009398433,-69.95638918835138,-69.89988394891611,-69.79989328493386,-69.65176852382444,-69.47237812281953,-69.30397317886882,-69.20057529452306,-69.20057529452306,-69.30397317886882,-69.47237812281953,-69.65176852382444,-69.79989328493386,-69.89988394891611,-69.95638918835138,-69.98346009398433,-69.99453839465191,-69.99842979627795],[-69.99585983991035,-69.98559937148924,-69.95638918835138,-69.885011263616,-69.73602375716719,-69.47237812281953,-69.08181719392906,-68.60881807395909,-68.16478433613885,-67.89215487531862,-67.89215487531862,-68.16478433613884,-68.60881807395909,-69.08181719392906,-69.47237812281953,-69.73602375716719,-69.885011263616,-69.95638918835138,-69.98559937148924,-69.99585983991035],[-69.99049555687313,-69.9669409028376,-69.89988394891611,-69.73602375716719,-69.3939975429644,-68.78875405405473,-67.89215487531862,-66.80630477834976,-65.7869496529107,-65.16108225914684,-65.16108225914684,-65.7869496529107,-66.80630477834976,-67.89215487531862,-68.78875405405473,-69.3939975429644,-69.73602375716719,-69.89988394891611,-69.9669409028376,-69.99049555687313],[-69.98100301727784,-69.93392320946941,-69.79989328493386,-69.47237812281953,-68.78875405405473,-67.57902509381633,-65.7869496529107,-63.61660939671513,-61.57917580410836,-60.32822486390239,-60.32822486390239,-61.57917580410836,-63.61660939671513,-65.7869496529107,-67.57902509381633,-68.78875405405473,-69.47237812281953,-69.79989328493386,-69.93392320946941,-69.98100301727784],[-69.9669409028376,-69.885011263616,-69.65176852382444,-69.08181719392906,-67.89215487531862,-65.7869496529107,-62.668328291312505,-58.891439589859374,-55.345838897106034,-53.168897996411445,-53.16889799641144,-55.34583889710603,-58.891439589859374,-62.668328291312505,-65.7869496529107,-67.89215487531862,-69.08181719392906,-69.65176852382444,-69.885011263616,-69.9669409028376],[-69.94991060804072,-69.82577516078716,-69.47237812281953,-68.60881807395909,-66.80630477834976,-63.61660939671513,-58.891439589859374,-53.168897996411445,-47.796791735977436,-44.49840625643979,-44.49840625643979,-47.796791735977436,-53.168897996411445,-58.891439589859374,-63.61660939671513,-66.80630477834976,-68.60881807395909,-69.47237812281953,-69.82577516078716,-69.94991060804072],[-69.93392320946941,-69.77016654114604,-69.30397317886882,-68.16478433613885,-65.7869496529107,-61.57917580410836,-55.345838897106034,-47.796791735977436,-40.7100309230821,-36.35887556073043,-36.358875560730425,-40.71003092308209,-47.796791735977436,-55.345838897106034,-61.57917580410836,-65.7869496529107,-68.16478433613884,-69.30397317886882,-69.77016654114604,-69.93392320946941],[-69.92410720793356,-69.73602375716719,-69.20057529452306,-67.89215487531862,-65.16108225914684,-60.32822486390239,-53.168897996411445,-44.49840625643979,-36.35887556073043,-31.36133668948522,-31.361336689485213,-36.35887556073042,-44.49840625643979,-53.168897996411445,-60.32822486390238,-65.16108225914682,-67.89215487531862,-69.20057529452306,-69.73602375716719,-69.92410720793356],[-69.92410720793356,-69.73602375716719,-69.20057529452306,-67.89215487531862,-65.16108225914684,-60.32822486390239,-53.16889799641144,-44.49840625643979,-36.358875560730425,-31.361336689485213,-31.361336689485213,-36.35887556073042,-44.49840625643979,-53.16889799641144,-60.32822486390238,-65.16108225914682,-67.89215487531862,-69.20057529452306,-69.73602375716719,-69.92410720793356],[-69.93392320946941,-69.77016654114604,-69.30397317886882,-68.16478433613884,-65.7869496529107,-61.57917580410836,-55.34583889710603,-47.796791735977436,-40.71003092308209,-36.35887556073042,-36.35887556073042,-40.71003092308208,-47.796791735977436,-55.34583889710603,-61.57917580410836,-65.7869496529107,-68.16478433613884,-69.30397317886882,-69.77016654114604,-69.93392320946941],[-69.94991060804072,-69.82577516078716,-69.47237812281953,-68.60881807395909,-66.80630477834976,-63.61660939671513,-58.891439589859374,-53.168897996411445,-47.796791735977436,-44.49840625643979,-44.49840625643979,-47.796791735977436,-53.168897996411445,-58.891439589859374,-63.61660939671513,-66.80630477834976,-68.60881807395909,-69.47237812281953,-69.82577516078716,-69.94991060804072],[-69.9669409028376,-69.885011263616,-69.65176852382444,-69.08181719392906,-67.89215487531862,-65.7869496529107,-62.668328291312505,-58.891439589859374,-55.345838897106034,-53.168897996411445,-53.16889799641144,-55.34583889710603,-58.891439589859374,-62.668328291312505,-65.7869496529107,-67.89215487531862,-69.08181719392906,-69.65176852382444,-69.885011263616,-69.9669409028376],[-69.98100301727784,-69.93392320946941,-69.79989328493386,-69.47237812281953,-68.78875405405473,-67.57902509381633,-65.7869496529107,-63.61660939671513,-61.57917580410836,-60.32822486390238,-60.32822486390238,-61.57917580410836,-63.61660939671513,-65.7869496529107,-67.57902509381633,-68.78875405405473,-69.47237812281953,-69.79989328493386,-69.93392320946941,-69.98100301727784],[-69.99049555687313,-69.9669409028376,-69.89988394891611,-69.73602375716719,-69.3939975429644,-68.78875405405473,-67.89215487531862,-66.80630477834976,-65.7869496529107,-65.16108225914682,-65.16108225914682,-65.7869496529107,-66.80630477834976,-67.89215487531862,-68.78875405405473,-69.3939975429644,-69.73602375716719,-69.89988394891611,-69.9669409028376,-69.99049555687313],[-69.99585983991035,-69.98559937148924,-69.95638918835138,-69.885011263616,-69.73602375716719,-69.47237812281953,-69.08181719392906,-68.60881807395909,-68.16478433613884,-67.89215487531862,-67.89215487531862,-68.16478433613884,-68.60881807395909,-69.08181719392906,-69.47237812281953,-69.73602375716719,-69.885011263616,-69.95638918835138,-69.98559937148924,-69.99585983991035],[-69.99842979627795,-69.99453839465191,-69.98346009398433,-69.95638918835138,-69.89988394891611,-69.79989328493386,-69.65176852382444,-69.47237812281953,-69.30397317886882,-69.20057529452306,-69.20057529452306,-69.30397317886882,-69.47237812281953,-69.65176852382444,-69.79989328493386,-69.89988394891611,-69.95638918835138,-69.98346009398433,-69.99453839465191,-69.99842979627795],[-69.99948150654315,-69.99819653552143,-69.99453839465191,-69.98559937148924,-69.9669409028376,-69.93392320946941,-69.885011263616,-69.82577516078716,-69.77016654114604,-69.73602375716719,-69.73602375716719,-69.77016654114604,-69.82577516078716,-69.885011263616,-69.93392320946941,-69.9669409028376,-69.98559937148924,-69.99453839465191,-69.99819653552143,-69.99948150654315],[-69.99985093387312,-69.99948150654315,-69.99842979627795,-69.99585983991035,-69.99049555687313,-69.98100301727784,-69.9669409028376,-69.94991060804072,-69.93392320946941,-69.92410720793356,-69.92410720793356,-69.93392320946941,-69.94991060804072,-69.9669409028376,-69.98100301727784,-69.99049555687313,-69.99585983991035,-69.99842979627795,-69.99948150654315,-69.99985093387312]],"type":"surface"}],                        {"template":{"data":{"histogram2dcontour":[{"type":"histogram2dcontour","colorbar":{"outlinewidth":0,"ticks":""},"colorscale":[[0.0,"#0d0887"],[0.1111111111111111,"#46039f"],[0.2222222222222222,"#7201a8"],[0.3333333333333333,"#9c179e"],[0.4444444444444444,"#bd3786"],[0.5555555555555556,"#d8576b"],[0.6666666666666666,"#ed7953"],[0.7777777777777778,"#fb9f3a"],[0.8888888888888888,"#fdca26"],[1.0,"#f0f921"]]}],"choropleth":[{"type":"choropleth","colorbar":{"outlinewidth":0,"ticks":""}}],"histogram2d":[{"type":"histogram2d","colorbar":{"outlinewidth":0,"ticks":""},"colorscale":[[0.0,"#0d0887"],[0.1111111111111111,"#46039f"],[0.2222222222222222,"#7201a8"],[0.3333333333333333,"#9c179e"],[0.4444444444444444,"#bd3786"],[0.5555555555555556,"#d8576b"],[0.6666666666666666,"#ed7953"],[0.7777777777777778,"#fb9f3a"],[0.8888888888888888,"#fdca26"],[1.0,"#f0f921"]]}],"heatmap":[{"type":"heatmap","colorbar":{"outlinewidth":0,"ticks":""},"colorscale":[[0.0,"#0d0887"],[0.1111111111111111,"#46039f"],[0.2222222222222222,"#7201a8"],[0.3333333333333333,"#9c179e"],[0.4444444444444444,"#bd3786"],[0.5555555555555556,"#d8576b"],[0.6666666666666666,"#ed7953"],[0.7777777777777778,"#fb9f3a"],[0.8888888888888888,"#fdca26"],[1.0,"#f0f921"]]}],"heatmapgl":[{"type":"heatmapgl","colorbar":{"outlinewidth":0,"ticks":""},"colorscale":[[0.0,"#0d0887"],[0.1111111111111111,"#46039f"],[0.2222222222222222,"#7201a8"],[0.3333333333333333,"#9c179e"],[0.4444444444444444,"#bd3786"],[0.5555555555555556,"#d8576b"],[0.6666666666666666,"#ed7953"],[0.7777777777777778,"#fb9f3a"],[0.8888888888888888,"#fdca26"],[1.0,"#f0f921"]]}],"contourcarpet":[{"type":"contourcarpet","colorbar":{"outlinewidth":0,"ticks":""}}],"contour":[{"type":"contour","colorbar":{"outlinewidth":0,"ticks":""},"colorscale":[[0.0,"#0d0887"],[0.1111111111111111,"#46039f"],[0.2222222222222222,"#7201a8"],[0.3333333333333333,"#9c179e"],[0.4444444444444444,"#bd3786"],[0.5555555555555556,"#d8576b"],[0.6666666666666666,"#ed7953"],[0.7777777777777778,"#fb9f3a"],[0.8888888888888888,"#fdca26"],[1.0,"#f0f921"]]}],"surface":[{"type":"surface","colorbar":{"outlinewidth":0,"ticks":""},"colorscale":[[0.0,"#0d0887"],[0.1111111111111111,"#46039f"],[0.2222222222222222,"#7201a8"],[0.3333333333333333,"#9c179e"],[0.4444444444444444,"#bd3786"],[0.5555555555555556,"#d8576b"],[0.6666666666666666,"#ed7953"],[0.7777777777777778,"#fb9f3a"],[0.8888888888888888,"#fdca26"],[1.0,"#f0f921"]]}],"mesh3d":[{"type":"mesh3d","colorbar":{"outlinewidth":0,"ticks":""}}],"scatter":[{"fillpattern":{"fillmode":"overlay","size":10,"solidity":0.2},"type":"scatter"}],"parcoords":[{"type":"parcoords","line":{"colorbar":{"outlinewidth":0,"ticks":""}}}],"scatterpolargl":[{"type":"scatterpolargl","marker":{"colorbar":{"outlinewidth":0,"ticks":""}}}],"bar":[{"error_x":{"color":"#2a3f5f"},"error_y":{"color":"#2a3f5f"},"marker":{"line":{"color":"#E5ECF6","width":0.5},"pattern":{"fillmode":"overlay","size":10,"solidity":0.2}},"type":"bar"}],"scattergeo":[{"type":"scattergeo","marker":{"colorbar":{"outlinewidth":0,"ticks":""}}}],"scatterpolar":[{"type":"scatterpolar","marker":{"colorbar":{"outlinewidth":0,"ticks":""}}}],"histogram":[{"marker":{"pattern":{"fillmode":"overlay","size":10,"solidity":0.2}},"type":"histogram"}],"scattergl":[{"type":"scattergl","marker":{"colorbar":{"outlinewidth":0,"ticks":""}}}],"scatter3d":[{"type":"scatter3d","line":{"colorbar":{"outlinewidth":0,"ticks":""}},"marker":{"colorbar":{"outlinewidth":0,"ticks":""}}}],"scattermapbox":[{"type":"scattermapbox","marker":{"colorbar":{"outlinewidth":0,"ticks":""}}}],"scatterternary":[{"type":"scatterternary","marker":{"colorbar":{"outlinewidth":0,"ticks":""}}}],"scattercarpet":[{"type":"scattercarpet","marker":{"colorbar":{"outlinewidth":0,"ticks":""}}}],"carpet":[{"aaxis":{"endlinecolor":"#2a3f5f","gridcolor":"white","linecolor":"white","minorgridcolor":"white","startlinecolor":"#2a3f5f"},"baxis":{"endlinecolor":"#2a3f5f","gridcolor":"white","linecolor":"white","minorgridcolor":"white","startlinecolor":"#2a3f5f"},"type":"carpet"}],"table":[{"cells":{"fill":{"color":"#EBF0F8"},"line":{"color":"white"}},"header":{"fill":{"color":"#C8D4E3"},"line":{"color":"white"}},"type":"table"}],"barpolar":[{"marker":{"line":{"color":"#E5ECF6","width":0.5},"pattern":{"fillmode":"overlay","size":10,"solidity":0.2}},"type":"barpolar"}],"pie":[{"automargin":true,"type":"pie"}]},"layout":{"autotypenumbers":"strict","colorway":["#636efa","#EF553B","#00cc96","#ab63fa","#FFA15A","#19d3f3","#FF6692","#B6E880","#FF97FF","#FECB52"],"font":{"color":"#2a3f5f"},"hovermode":"closest","hoverlabel":{"align":"left"},"paper_bgcolor":"white","plot_bgcolor":"#E5ECF6","polar":{"bgcolor":"#E5ECF6","angularaxis":{"gridcolor":"white","linecolor":"white","ticks":""},"radialaxis":{"gridcolor":"white","linecolor":"white","ticks":""}},"ternary":{"bgcolor":"#E5ECF6","aaxis":{"gridcolor":"white","linecolor":"white","ticks":""},"baxis":{"gridcolor":"white","linecolor":"white","ticks":""},"caxis":{"gridcolor":"white","linecolor":"white","ticks":""}},"coloraxis":{"colorbar":{"outlinewidth":0,"ticks":""}},"colorscale":{"sequential":[[0.0,"#0d0887"],[0.1111111111111111,"#46039f"],[0.2222222222222222,"#7201a8"],[0.3333333333333333,"#9c179e"],[0.4444444444444444,"#bd3786"],[0.5555555555555556,"#d8576b"],[0.6666666666666666,"#ed7953"],[0.7777777777777778,"#fb9f3a"],[0.8888888888888888,"#fdca26"],[1.0,"#f0f921"]],"sequentialminus":[[0.0,"#0d0887"],[0.1111111111111111,"#46039f"],[0.2222222222222222,"#7201a8"],[0.3333333333333333,"#9c179e"],[0.4444444444444444,"#bd3786"],[0.5555555555555556,"#d8576b"],[0.6666666666666666,"#ed7953"],[0.7777777777777778,"#fb9f3a"],[0.8888888888888888,"#fdca26"],[1.0,"#f0f921"]],"diverging":[[0,"#8e0152"],[0.1,"#c51b7d"],[0.2,"#de77ae"],[0.3,"#f1b6da"],[0.4,"#fde0ef"],[0.5,"#f7f7f7"],[0.6,"#e6f5d0"],[0.7,"#b8e186"],[0.8,"#7fbc41"],[0.9,"#4d9221"],[1,"#276419"]]},"xaxis":{"gridcolor":"white","linecolor":"white","ticks":"","title":{"standoff":15},"zerolinecolor":"white","automargin":true,"zerolinewidth":2},"yaxis":{"gridcolor":"white","linecolor":"white","ticks":"","title":{"standoff":15},"zerolinecolor":"white","automargin":true,"zerolinewidth":2},"scene":{"xaxis":{"backgroundcolor":"#E5ECF6","gridcolor":"white","linecolor":"white","showbackground":true,"ticks":"","zerolinecolor":"white","gridwidth":2},"yaxis":{"backgroundcolor":"#E5ECF6","gridcolor":"white","linecolor":"white","showbackground":true,"ticks":"","zerolinecolor":"white","gridwidth":2},"zaxis":{"backgroundcolor":"#E5ECF6","gridcolor":"white","linecolor":"white","showbackground":true,"ticks":"","zerolinecolor":"white","gridwidth":2}},"shapedefaults":{"line":{"color":"#2a3f5f"}},"annotationdefaults":{"arrowcolor":"#2a3f5f","arrowhead":0,"arrowwidth":1},"geo":{"bgcolor":"white","landcolor":"#E5ECF6","su